ARENA011(41,38,0)
ARENA011(40,39,0)
ARENA011(39,40,0)
ARENA011(38,41,0)
ARENA011(37,42,0)
ARENA011(36,43,0)
ARENA011(35,44,0)
ARENA011(34,45,0)
ARENA011(33,46,0)
ARENA011(32,47,0)
ARENA011(40,37,0)
ARENA011(39,38,0)
ARENA011(38,39,0)
ARENA011(37,40,0)
ARENA011(36,41,0)
ARENA011(35,42,0)
ARENA011(34,43,0)
ARENA011(33,44,0)
ARENA011(32,45,0)
ARENA011(31,46,0)
ARENA011(39,36,0)
ARENA011(38,37,0)
ARENA011(37,38,0)
ARENA011(36,39,0)
ARENA011(35,40,0)
ARENA011(34,41,0)
ARENA011(33,42,0)
ARENA011(32,43,0)
ARENA011(31,44,0)
ARENA011(30,45,0)
ARENA011(38,35,0)
ARENA011(37,36,0)
ARENA011(36,37,0)
ARENA011(35,38,0)
ARENA011(34,39,0)
ARENA011(33,40,0)
ARENA011(32,41,0)
ARENA011(31,42,0)
ARENA011(30,43,0)
ARENA011(29,44,0)
ARENA011(37,34,0)
ARENA011(36,35,0)
ARENA011(35,36,0)
ARENA011(34,37,0)
ARENA011(33,38,0)
ARENA011(32,39,0)
ARENA011(31,40,0)
ARENA011(30,41,0)
ARENA011(29,42,0)
ARENA011(28,43,0)
ARENA011(36,33,0)
ARENA011(35,34,0)
ARENA011(34,35,0)
ARENA011(33,36,0)
ARENA011(32,37,0)
ARENA011(31,38,0)
ARENA011(30,39,0)
ARENA011(29,40,0)
ARENA011(28,41,0)
ARENA011(27,42,0)
ARENA011(35,32,0)
ARENA011(34,33,0)
ARENA011(33,34,0)
ARENA011(32,35,0)
ARENA011(31,36,0)
ARENA011(30,37,0)
ARENA011(29,38,0)
ARENA011(28,39,0)
ARENA011(27,40,0)
ARENA011(26,41,0)
ARENA011(34,31,0)
ARENA011(33,32,0)
ARENA011(32,33,0)
ARENA011(31,34,0)
ARENA011(30,35,0)
ARENA011(29,36,0)
ARENA011(28,37,0)
ARENA011(27,38,0)
ARENA011(26,39,0)
ARENA011(25,40,0)
ARENA011(33,30,0)
ARENA011(32,31,0)
ARENA011(31,32,0)
ARENA011(30,33,0)
ARENA011(29,34,0)
ARENA011(28,35,0)
ARENA011(27,36,0)
ARENA011(26,37,0)
ARENA011(25,38,0)
ARENA011(24,39,0)
ARENA011(32,29,0)
ARENA011(31,30,0)
ARENA011(30,31,0)
ARENA011(29,32,0)
ARENA011(28,33,0)
ARENA011(27,34,0)
ARENA011(26,35,0)
ARENA011(25,36,0)
ARENA011(24,37,0)
ARENA011(23,38,0)
ARENA011(31,29,0)
ARENA011(30,30,0)
ARENA011(29,31,0)
ARENA011(28,32,0)
ARENA011(27,33,0)
ARENA011(26,34,0)
ARENA011(25,35,0)
ARENA011(24,36,0)
ARENA011(23,37,0)